{
 "cells": [
  {
   "cell_type": "code",
   "execution_count": 3,
   "id": "29f7412d-4cbd-4958-9a03-2a0611df099a",
   "metadata": {},
   "outputs": [
    {
     "name": "stdout",
     "output_type": "stream",
     "text": [
      "A^2 =\n",
      " [[7 6 6 6 4 4 4]\n",
      " [6 6 5 5 4 4 3]\n",
      " [6 5 6 5 4 3 4]\n",
      " [6 5 5 6 3 4 4]\n",
      " [4 4 4 3 4 2 2]\n",
      " [4 4 3 4 2 4 2]\n",
      " [4 3 4 4 2 2 4]]\n",
      "A^3 =\n",
      " [[37 33 33 33 23 23 23]\n",
      " [33 30 29 29 21 21 19]\n",
      " [33 29 30 29 21 19 21]\n",
      " [33 29 29 30 19 21 21]\n",
      " [23 21 21 19 16 13 13]\n",
      " [23 21 19 21 13 16 13]\n",
      " [23 19 21 21 13 13 16]]\n",
      "A^4 =\n",
      " [[205 182 182 182 126 126 126]\n",
      " [182 163 161 161 113 113 110]\n",
      " [182 161 163 161 113 110 113]\n",
      " [182 161 161 163 110 113 113]\n",
      " [126 113 113 110  81  76  76]\n",
      " [126 113 110 113  76  81  76]\n",
      " [126 110 113 113  76  76  81]]\n",
      "A^5 =\n",
      " [[1129 1003 1003 1003  695  695  695]\n",
      " [1003  893  890  890  619  619  614]\n",
      " [1003  890  893  890  619  614  619]\n",
      " [1003  890  890  893  614  619  619]\n",
      " [ 695  619  619  614  433  425  425]\n",
      " [ 695  619  614  619  425  433  425]\n",
      " [ 695  614  619  619  425  425  433]]\n",
      "A^6 =\n",
      " [[6223 5528 5528 5528 3830 3830 3830]\n",
      " [5528 4914 4909 4909 3405 3405 3397]\n",
      " [5528 4909 4914 4909 3405 3397 3405]\n",
      " [5528 4909 4909 4914 3397 3405 3405]\n",
      " [3830 3405 3405 3397 2366 2353 2353]\n",
      " [3830 3405 3397 3405 2353 2366 2353]\n",
      " [3830 3397 3405 3405 2353 2353 2366]]\n",
      "A^7 =\n",
      " [[34297 30467 30467 30467 21109 21109 21109]\n",
      " [30467 27070 27062 27062 18756 18756 18743]\n",
      " [30467 27062 27070 27062 18756 18743 18756]\n",
      " [30467 27062 27062 27070 18743 18756 18756]\n",
      " [21109 18756 18756 18743 13006 12985 12985]\n",
      " [21109 18756 18743 18756 12985 13006 12985]\n",
      " [21109 18743 18756 18756 12985 12985 13006]]\n",
      "A^8 =\n",
      " [[189025 167916 167916 167916 116340 116340 116340]\n",
      " [167916 149173 149160 149160 103355 103355 103334]\n",
      " [167916 149160 149173 149160 103355 103334 103355]\n",
      " [167916 149160 149160 149173 103334 103355 103355]\n",
      " [116340 103355 103355 103334  71627  71593  71593]\n",
      " [116340 103355 103334 103355  71593  71627  71593]\n",
      " [116340 103334 103355 103355  71593  71593  71627]]\n",
      "A^9 =\n",
      " [[1041793  925453  925453  925453  641197  641197  641197]\n",
      " [ 925453  822119  822098  822098  569604  569604  569570]\n",
      " [ 925453  822098  822119  822098  569604  569570  569604]\n",
      " [ 925453  822098  822098  822119  569570  569604  569604]\n",
      " [ 641197  569604  569604  569570  394677  394622  394622]\n",
      " [ 641197  569604  569570  569604  394622  394677  394622]\n",
      " [ 641197  569570  569604  569604  394622  394622  394677]]\n"
     ]
    }
   ],
   "source": [
    "import numpy as np\n",
    "\n",
    "# Define the matrix\n",
    "A = np.array([[1, 1, 1, 1, 1, 1, 1],\n",
    "              [1, 1, 1, 1, 1, 1, 0],\n",
    "              [1, 1, 1, 1, 1, 0, 1],\n",
    "              [1, 1, 1, 1, 0, 1, 1],\n",
    "              [1, 1, 1, 0, 1, 0, 0],\n",
    "              [1, 1, 0, 1, 0, 1, 0],\n",
    "              [1, 0, 1, 1, 0, 0, 1]])\n",
    "\n",
    "for n in range(2, 10):\n",
    "    # Raise the matrix to the power n\n",
    "    A_power_n = np.linalg.matrix_power(A, n)\n",
    "    \n",
    "    print(f\"A^{n} =\\n\", A_power_n)\n"
   ]
  }
 ],
 "metadata": {
  "kernelspec": {
   "display_name": "Python 3 (ipykernel)",
   "language": "python",
   "name": "python3"
  },
  "language_info": {
   "codemirror_mode": {
    "name": "ipython",
    "version": 3
   },
   "file_extension": ".py",
   "mimetype": "text/x-python",
   "name": "python",
   "nbconvert_exporter": "python",
   "pygments_lexer": "ipython3",
   "version": "3.9.4"
  }
 },
 "nbformat": 4,
 "nbformat_minor": 5
}
